1 2 1400 1200
1 3 2000 1800
1 4 700 600
1 5 2500 2200
1 6 1200 1100
1 7 1800 1600
1 8 1500 1300
1 9 1000 900
1 10 1800 1600
1 11 2200 2000
1 12 1100 1000
1 13 900 800
1 14 1500 1300
1 15 2000 1800
1 16 1700 1500
1 17 900 800
1 18 1300 1200
1 19 1400 1200
1 20 1200 1100
2 3 1600 1500
2 4 900 800
2 5 1100 1000
2 6 1900 1700
2 7 800 700
2 8 1300 1200
2 9 1200 1100
2 10 900 800
2 11 1200 1100
2 12 1300 1200
2 13 1600 1500
2 14 700 600
2 15 900 800
2 16 1100 1000
2 17 1600 1500
2 18 1700 1500
2 19 1200 1100
2 20 700 600
3 4 500 450
3 5 900 800
3 6 1200 1100
3 7 800 700
3 8 1700 1500
3 9 1100 1000
3 10 700 600
3 11 1200 1100
3 12 1300 1200
3 13 800 700
3 14 1100 1000
3 15 1500 1300
3 16 1300 1200
3 17 1200 1100
3 18 600 550
3 19 700 600
3 20 900 800
4 5 800 700
4 6 900 800
4 7 500 450
4 8 600 550
4 9 1200 1100
4 10 700 600
4 11 1100 1000
4 12 800 700
4 13 900 800
4 14 700 600
4 15 1200 1100
4 16 1500 1300
4 17 1100 1000
4 18 500 450
4 19 900 800
4 20 1100 1000
5 6 1600 1500
5 7 1100 1000
5 8 1300 1200
5 9 800 700
5 10 1300 1200
5 11 700 600
5 12 1000 900
5 13 1600 1500
5 14 1500 1300
5 15 1100 1000
5 16 500 450
5 17 1200 1100
5 18 1700 1500
5 19 700 600
5 20 1100 1000
6 7 1300 1200
6 8 900 800
6 9 800 700
6 10 1300 1200
6 11 1600 1500
6 12 900 800
6 13 800 700
6 14 1200 1100
6 15 1300 1200
6 16 700 600
6 17 900 800
6 18 1200 1100
6 19 1100 1000
6 20 1600 1500
7 8 800 700
7 9 1500 1300
7 10 1600 1500
7 11 1200 1100
7 12 1300 1200
7 13 700 600
7 14 1100 1000
7 15 900 800
7 16 1300 1200
7 17 900 800
7 18 1100 1000
7 19 800 700
7 20 800 700
8 9 1300 1200
8 10 700 600
8 11 800 700
8 12 500 450
8 13 1300 1200
8 14 1100 1000
8 15 1500 1300
8 16 1100 1000
8 17 900 800
8 18 1600 1500
8 19 800 700
8 20 600 550
9 10 1200 1100
9 11 800 700
9 12 700 600
9 13 1100 1000
9 14 1300 1200
9 15 1600 1500
9 16 800 700
9 17 1300 1200
9 18 900 800
9 19 1200 1100
9 20 800 700
10 11 800 700
10 12 900 800
10 13 1600 1500
10 14 700 600
10 15 1100 1000
10 16 1700 1500
10 17 800 700
10 18 500 450
10 19 1200 1100
10 20 1600 1500
11 12 700 600
11 13 1200 1100
11 14 1300 1200
11 15 900 800
11 16 1100 1000
11 17 800 700
11 18 1300 1200
11 19 800 700
11 20 900 800
12 13 1300 1200
12 14 900 800
12 15 1600 1500
12 16 1200 1100
12 17 1500 1300
12 18 1200 1100
12 19 800 700
12 20 1100 1000
13 14 900 800
13 15 700 600
13 16 1500 1300
13 17 800 700
13 18 1100 1000
13 19 1300 1200
13 20 1300 1200
14 15 900 800
14 16 800 700
14 17 1100 1000
14 18 1200 1100
14 19 1600 1500
14 20 1500 1300
15 16 1200 1100
15 17 1300 1200
15 18 800 700
15 19 1300 1200
15 20 1100 1000
16 17 800 700
16 18 1500 1300
16 19 800 700
16 20 1200 1100
17 18 1300 1200
17 19 900 800
17 20 800 700
18 19 1100 1000
18 20 1300 1200
19 20 900 800